Property / RMSE / MAE / R2 / Mean / Std
energy: 633.1577 566.9141 0.9949690569192171 -4196.062 8926.624
forces: 214.06319 158.55911 0.9756170194596052 5.6210325e-08 1370.8773
