Property / RMSE / MAE / R2 / Mean / Std
energy: 718.6438 648.9092 0.9935188367962837 -4196.062 8926.624
forces: 218.14818 161.86215 0.974677536636591 5.6210325e-08 1370.8773
