Property / RMSE / MAE / R2 / Mean / Std
energy: 906.25146 827.76117 0.9896932207047939 -4196.062 8926.624
forces: 238.6794 177.45558 0.9696867391467094 5.6210325e-08 1370.8773
