Property / RMSE / MAE / R2 / Mean / Std
energy: 534.9251 465.95877 0.9964090320281684 -4196.062 8926.624
forces: 211.39418 156.39912 0.9762212578207254 5.6210325e-08 1370.8773
