Property / RMSE / MAE / R2 / Mean / Std
energy: 430.6905 359.5978 0.9976721438579261 -4196.062 8926.624
forces: 204.49141 150.23134 0.9777488261461258 5.6210325e-08 1370.8773
