Property / RMSE / MAE / R2 / Mean / Std
energy: 540.3175 438.00528 0.9963362680282444 -4196.062 8926.624
forces: 213.11398 157.14383 0.9758327808231115 5.6210325e-08 1370.8773
