Property / RMSE / MAE / R2 / Mean / Std
energy: 539.0609 480.42157 0.9963532900437713 -4196.062 8926.624
forces: 208.49751 153.94026 0.9768684599548578 5.6210325e-08 1370.8773
